529174
417533
615321
488131
187681
791471
113735
552443
753748
343354
227181
299821
538176
785616
371451
759163
435272
714636
573892
838115
467947
415359
121719
332185
285941
474181
816576
789361
963149
779136
765535
329254
941587
418431
919499
483925
593311
611441
229137
969753
476934
323853
919911
698233
668178
492714
918937
555928
591987
844932
476691
425186
671795
461431
847361
928989
768243
141776
264199
894428
361911
427171
351495
411611
288611
795147
733962
295179
746215
118348
431689
151813
342745
556178
243154
612811
428881
963125
612591
218861
881317
163231
646468
572414
244381
698796
413586
711211
895456
882957
913421
769846
737678
739682
914225
216189
134984
529141
985622
112823
814155
684563
863743
124518
652254
384157
381624
435316
326294
529189
621481
321369
878782
816155
376136
264144
282911
822244
399812
148731
323155
398117
946867
214682
875355
819172
143713
446676
771993
913591
786281
358433
283667
117362
919617
463738
243681
642972
955114
195761
562918
412247
497291
357762
145641
461264
113251
279732
912485
543384
128154
853162
358687
729521
462337
995332
213333
541654
359838
385963
879381
116194
117526
385368
318917
643269
589737
667141
155572
127649
519811
379695
721513
332337
511596
534134
239914
672511
888193
849117
544468
277961
382674
827316
744715
366511
657899
422715
564368
715715
197733
613411
519433
362716
727816
549817
439847
417486
835338
238789
798673
638849
856414
713717
956317
266346
914148
216183
461958
833616
151986
176859
655748
394117
146965
724588
515113
661793
519176
119365
963131
999584
523565
553846
589398
467117
154675
726434
629631
743514
699667
889929
619154
312694
663319
652995
872518
215863
122844
741352
822569
396641
832765
316185
976283
733267
766491
921541
466857
951518
128928
692126
632111
282835
427833
668776
551758
357164
281161
687117
349121
791245
735943
683524
327127
719924
838154
997495
281696
319711
113187
347271
235535
523592
399148
476812
831638
694318
364561
587555
611621
412888
663973
836464
528584
462137
511937
285638
763281
112376
552479
843583
528379
987849
281981
116144
376882
558143
662246
841615
395546
623361
881126
545839
254613
945964
211195
716732
893333
527199
334552
412145
734615
632393
354119
641513
611171
552732
512726
418212
419514
654677
262884
899924
393233
753299
343539
342559
459415
641411
774489
683756
247599
318558
696684
143612
666247
754649
215611
325391
328122
182461
313123
781931
316238
641425
279649
553151
498248
822882
454823
214226
515124
368446
868936
491317
929689
114635
887871
873781
821594
179784
431947
571445
191387
919491
577791
198761
491262
542639
624564
671758
531863
468111
822193
965783
646121
799196
859417
113126
771575
491473
196644
197492
423272
683579
111196
472169
882228
471189
111127
793285
711921
417682
652787
138192
564344
119523
378798
152793
489889
837194
356111
893199
315591
339534
874886
964675
881441
534941
577161
326911
835663
271873
648251
141925
779357
398975
844841
248111
736212
714184
486216
554113
484785
833399
795914
271156
271719
129525
336753
858717
833166
611345
918381
511619
329635
263793
126836
525791
671543
437857
622111
828428
965167
731166
617671
864875
735286
647674
113446
515681
158682
711337
915189
351327
511153
751812
798657
741823
796166
891115
871981
153786
228143
466813
719119
211137
767233
748131
216557
916132
729494
421116
992231
153188
251755
491197
811728
384924
913365
899851
638694
559127
358138
173523
371141
417592
977896
696164
546891
371222
572985
214879
686454
538111
371176
267361
244351
239983
679759
551635
252737
517656
127596
791731
249682
692767
534125
733464
573918
321618
791311
968341
988911
412331
562938
519497
717731
891162
681528
377611
918265
761611
768282
626185
367481
611471
315798
868354
568164
491275
214123
852116
361471
628423
615213
791989
323617
748368
211741
325911
373883
984297
738111
421782
285787
433654
458511
739711
795656
317524
765887
556518
395815
417851
749937
714482
548935
311156
837575
888661
634614
229168
911791
242919
557175
126543
537568
889135
365967
415167
513781
774412
551263
119566
858439
519815
249666
269713
273382
917141
813731
129811
645621
782927
466594
841874
918784
763118
712494
538769
336861
373383
926838
318149
916594
415161
515841
717214
844795
249724
816216
397237
327789
119313
647499
978741
232882
272382
913648
332335
631411
411747
945361
841158
213399
354317
313594
932861
162978
473365
281929
221245
112927
572161
128923
911199
178832
947643
467169
897373
427421
581169
791221
313413
872634
325999
747983
648536
694259
311325
147747
888192
896591
313721
626894
591893
458861
127436
147276
355356
813699
761115
685139
643768
131766
632343
658496
866974
447614
941777
898425
719553
261144
417622
756725
191824
588181
442721
915221
215319
891161
528959
233713
911463
331558
235164
472983
749338
663328
519488
591759
451756
591292
322962
351186
313129
668738
944886
521549
394161
987251
451222
978313
719243
256968
443384
255451
685741
911797
912833
254963
539711
511558
722256
224313
151553
813789
967292
516565
622629
856599
188619
218131
717675
183113
847941
813917
635362
168169
658351
571967
721774
283348
881524
877147
619637
311391
541714
717616
792144
753137
677248
554198
966777
871391
143616
651155
552511
112331
276761
741291
289829
315411
314918
275676
574971
561143
923565
162111
714844
848462
333744
411421
917283
818114
585818
217394
274356
649314
886369
491232
541655
752779
233169
561483
622358
259131
665169
952918
653481
341685
837115
836175
571142
537273
931818
216146
771491
357112
517546
595119
761834
757151
471184
456511
695411
179148
782896
494183
358981
767322
124916
913424
118918
291944
541647
866148
791169
677911
892886
364132
733188
744874
787919
593761
678642
263284
932148
754636
161471
917434
272754
625996
849736
397878
851915
777162
274448
627928
417452
916628
168115
648247
782917
931265
957884
627269
758753
296911
155191
155384
716378
292621
961799
518734
751274
516454
861758
517624
788591
718842
771458
944996
238313
381694
747844
345217
657492
641311
515242
318571
583693
317181
849857
179783
593242
875962
689913
469956
516134
649286
596917
141731
352124
572531
335141
325473
354711
573176
136923
273515
633625
247623
215331
158168
887475
143992
475839
486914
474128
828863
471567
182363
861457
596567
594239
831491
591327
356374
231431
955512
827293
496378
386436
789795
918963
438518
989399
472233
116982
349874
288192
855753
616329
691849
718291
551792
536214
727843
762313
589449
154991
753391
331687
411811
626699
851628
714169
815942
139718
136661
776795
622144
165912
759527
311794
821675
275427
915713
157419
521416
272669
981278
111198
323817
878115
779212
964315
237568
993922
717939
883613
967522
366957
493867
173242
666173
221292
981633
241283
883799
577746
238123
275179
531811
855319
556371
544472
857357
195774
947698
557452
462369
771213
429371
478142
311681
347552
587136
411497
935598
177196
949986
124468
659273
431463
547583
581516
343855
289956
389335
233967
661614
383823
771334
943911
765318
248531
418742
653159
777363
211282
143124
485815
389578
765119
391185
111111
